1642182819
206036892
1005248214
1229321391
1969809886
139757601
1623129292
222894774
1006831489
1549285561
933566028
1922477054
304103979
195992231
289088458
780551616
815384923
1400846322
809587630
558880949
474839694
1583772445
731536389
1667491102
698947365
11355933
1722537282
1081540364
2140013335
622907516
957848613
409049925
689343091
599432393
619133912
555033217
1306898482
1349174110
1684168872
1275547286
348816461
695518493
652825028
479513999
77595145
703608102
105673788
201076665
1802663497
1713252582
339334163
716315082
1813212554
1013215385
1501149135
99599059
1315252793
249534143
1054030225
1937553335
247898903
647801166
428993069
1154803560
1831405975
313248156
2076539648
99350386
1685575556
173835320
1920233610
1391386562
2132567619
320139763
169532393
2072301528
1837501424
1733599041
1139678732
422599047
398443074
1569996143
478064970
1905387205
456938808
1389566418
1584462871
1953264943
1109530607
1707302614
975579825
1617795568
25109604
480648154
2102268424
416927407
1877942560
1627919836
1266358660
2036204880
.txt Printing Running Time: 15915648 nanoseconds.
